Timestamp, Distance_2(Z), Distance_3(X), X, Y, Z, Roll, Yaw, Pitch, CalibrationMode, IsValid
1745406883.630, 2.233, 3.224, -0.5501, -1.1373, -4.2071, 0.2365, 40.8622, 90.7565, 0, 1
1745406883.709, 2.233, 3.224, -0.5501, -1.1373, -4.2070, 0.2403, 40.8633, 90.7518, 0, 1
1745406883.789, 2.233, 3.225, -0.5501, -1.1373, -4.2070, 0.2430, 40.8635, 90.7518, 0, 1
1745406883.868, 2.233, 3.226, -0.5501, -1.1373, -4.2070, 0.2409, 40.8638, 90.7534, 0, 1
1745406883.988, 2.233, 3.226, -0.5501, -1.1373, -4.2070, 0.2413, 40.8647, 90.7531, 0, 1
1745406884.068, 2.233, 3.227, -0.5501, -1.1373, -4.2070, 0.2401, 40.8645, 90.7547, 0, 1
1745406884.147, 2.234, 3.227, -0.5501, -1.1373, -4.2070, 0.2365, 40.8635, 90.7587, 0, 1
1745406884.227, 2.234, 3.226, -0.5501, -1.1373, -4.2070, 0.2325, 40.8637, 90.7605, 0, 1
1745406884.306, 2.234, 3.225, -0.5501, -1.1373, -4.2070, 0.2305, 40.8645, 90.7603, 0, 1
1745406884.386, 2.234, 3.224, -0.5501, -1.1373, -4.2070, 0.2273, 40.8639, 90.7630, 0, 1
1745406884.466, 2.234, 3.224, -0.5501, -1.1373, -4.2070, 0.2248, 40.8633, 90.7653, 0, 1
1745406884.545, 2.234, 3.223, -0.5501, -1.1373, -4.2070, 0.2231, 40.8624, 90.7665, 0, 1
1745406884.625, 2.234, 3.223, -0.5501, -1.1373, -4.2070, 0.2199, 40.8605, 90.7710, 0, 1
1745406884.705, 2.234, 3.224, -0.5502, -1.1373, -4.2070, 0.2148, 40.8588, 90.7806, 0, 1
1745406884.784, 2.233, 3.224, -0.5502, -1.1373, -4.2070, 0.2098, 40.8572, 90.7869, 0, 1
1745406884.864, 2.234, 3.225, -0.5502, -1.1373, -4.2070, 0.2086, 40.8579, 90.7872, 0, 1
1745406884.944, 2.234, 3.225, -0.5502, -1.1373, -4.2070, 0.2060, 40.8584, 90.7896, 0, 1
1745406885.023, 2.234, 3.226, -0.5502, -1.1373, -4.2070, 0.2030, 40.8575, 90.7909, 0, 1
1745406885.103, 2.234, 3.226, -0.5501, -1.1373, -4.2070, 0.2040, 40.8550, 90.7864, 0, 1
1745406885.183, 2.234, 3.227, -0.5501, -1.1373, -4.2070, 0.2069, 40.8542, 90.7839, 0, 1
1745406885.262, 2.233, 3.227, -0.5502, -1.1372, -4.2069, 0.2071, 40.8543, 90.7829, 0, 1
1745406885.342, 2.233, 3.227, -0.5502, -1.1372, -4.2070, 0.2082, 40.8545, 90.7806, 0, 1
1745406885.421, 2.233, 3.227, -0.5501, -1.1372, -4.2070, 0.2118, 40.8551, 90.7773, 0, 1
1745406885.501, 2.233, 3.226, -0.5502, -1.1372, -4.2070, 0.2119, 40.8559, 90.7761, 0, 1
1745406885.581, 2.233, 3.226, -0.5501, -1.1372, -4.2070, 0.2108, 40.8559, 90.7730, 0, 1
1745406885.660, 2.233, 3.225, -0.5501, -1.1372, -4.2070, 0.2134, 40.8544, 90.7699, 0, 1
1745406885.740, 2.233, 3.225, -0.5501, -1.1372, -4.2070, 0.2149, 40.8540, 90.7672, 0, 1
1745406885.820, 2.233, 3.225, -0.5501, -1.1373, -4.2070, 0.2165, 40.8546, 90.7645, 0, 1
1745406885.899, 2.233, 3.225, -0.5501, -1.1373, -4.2070, 0.2203, 40.8551, 90.7624, 0, 1
1745406885.979, 2.234, 3.225, -0.5501, -1.1373, -4.2070, 0.2214, 40.8546, 90.7643, 0, 1
1745406886.059, 2.234, 3.225, -0.5501, -1.1373, -4.2071, 0.2182, 40.8545, 90.7692, 0, 1
1745406886.138, 2.234, 3.224, -0.5501, -1.1373, -4.2071, 0.2152, 40.8535, 90.7752, 0, 1
1745406886.218, 2.234, 3.224, -0.5501, -1.1373, -4.2070, 0.2096, 40.8537, 90.7808, 0, 1
1745406886.298, 2.234, 3.224, -0.5501, -1.1373, -4.2071, 0.2068, 40.8546, 90.7829, 0, 1
1745406886.377, 2.234, 3.223, -0.5501, -1.1373, -4.2071, 0.2053, 40.8572, 90.7826, 0, 1
1745406886.457, 2.234, 3.223, -0.5500, -1.1373, -4.2070, 0.2049, 40.8588, 90.7818, 0, 1
1745406886.536, 2.234, 3.224, -0.5500, -1.1373, -4.2070, 0.2060, 40.8592, 90.7816, 0, 1
1745406886.616, 2.234, 3.225, -0.5500, -1.1373, -4.2070, 0.2081, 40.8583, 90.7815, 0, 1
1745406886.696, 2.233, 3.226, -0.5504, -1.1373, -4.2066, 0.2139, 40.8657, 90.7840, 0, 1
1745406886.776, 2.233, 3.227, -0.5519, -1.1373, -4.2050, 0.2248, 40.8665, 90.7719, 0, 1
1745406886.855, 2.233, 3.226, -0.5553, -1.1374, -4.2014, 0.2653, 40.8816, 90.7335, 0, 1
1745406886.935, 2.233, 3.222, -0.5608, -1.1375, -4.1953, 0.3258, 40.8946, 90.6715, 0, 1
1745406887.014, 2.233, 3.217, -0.5688, -1.1378, -4.1865, 0.3939, 40.8693, 90.6071, 0, 1
1745406887.094, 2.232, 3.211, -0.5786, -1.1381, -4.1755, 0.4489, 40.8175, 90.5457, 0, 1
1745406887.174, 2.232, 3.199, -0.5895, -1.1385, -4.1632, 0.4851, 40.7642, 90.5182, 0, 1
1745406887.253, 2.232, 3.184, -0.6003, -1.1387, -4.1508, 0.4754, 40.6961, 90.5239, 0, 1
1745406887.333, 2.231, 3.167, -0.6105, -1.1390, -4.1391, 0.4384, 40.6387, 90.5464, 0, 1
1745406888.209, 2.231, 3.023, -0.6845, -1.1412, -4.0549, 0.5101, 40.2929, 90.4771, 0, 1
1745406888.289, 2.230, 3.020, -0.6839, -1.1410, -4.0556, 0.5211, 40.2888, 90.4696, 0, 1
1745406888.368, 2.230, 3.018, -0.6833, -1.1410, -4.0562, 0.5258, 40.2831, 90.4652, 0, 1
1745406888.448, 2.230, 3.020, -0.6830, -1.1410, -4.0565, 0.5277, 40.2734, 90.4647, 0, 1
1745406889.722, 2.230, 3.023, -0.6826, -1.1412, -4.0568, 0.5286, 40.2635, 90.4992, 0, 1
1745406889.802, 2.230, 3.023, -0.6826, -1.1412, -4.0569, 0.5280, 40.2647, 90.4973, 0, 1
1745406889.882, 2.230, 3.023, -0.6826, -1.1412, -4.0569, 0.5300, 40.2660, 90.4940, 0, 1
1745406890.519, 2.230, 3.024, -0.6825, -1.1412, -4.0570, 0.5251, 40.2658, 90.4936, 0, 1
1745406890.598, 2.230, 3.024, -0.6825, -1.1413, -4.0570, 0.5217, 40.2664, 90.4947, 0, 1
1745406890.678, 2.230, 3.023, -0.6825, -1.1413, -4.0570, 0.5214, 40.2666, 90.4970, 0, 1
1745406890.758, 2.230, 3.022, -0.6825, -1.1413, -4.0570, 0.5221, 40.2682, 90.4997, 0, 1
1745406890.837, 2.230, 3.023, -0.6825, -1.1413, -4.0570, 0.5235, 40.2679, 90.5009, 0, 1
1745406892.311, 2.230, 3.025, -0.6823, -1.1414, -4.0572, 0.5213, 40.2653, 90.5082, 0, 1
1745406892.390, 2.230, 3.024, -0.6823, -1.1414, -4.0572, 0.5251, 40.2576, 90.5079, 0, 1
1745406892.470, 2.230, 3.024, -0.6823, -1.1414, -4.0572, 0.5287, 40.2512, 90.5092, 0, 1
1745406894.302, 2.230, 3.022, -0.6856, -1.1416, -4.0514, 0.5578, 39.2093, 90.4978, 0, 1
1745406894.381, 2.231, 3.021, -0.6874, -1.1416, -4.0485, 0.5815, 38.6654, 90.4950, 0, 1
1745406894.461, 2.231, 3.020, -0.6894, -1.1417, -4.0450, 0.6125, 38.0073, 90.4777, 0, 1
1745406894.541, 2.233, 3.016, -0.6915, -1.1417, -4.0411, 0.6467, 37.2892, 90.4672, 0, 1
1745406894.620, 2.235, 3.012, -0.6939, -1.1418, -4.0369, 0.6911, 36.5279, 90.4601, 0, 1
