Timestamp, Distance_2(Z), Distance_3(X), X, Y, Z, Roll, Yaw, Pitch, CalibrationMode
1745406883.630, 2.233, 3.224, -0.5501, -1.1373, -4.2071, 0.2365, 40.8622, 90.7565, 0
1745406883.709, 2.233, 3.224, -0.5501, -1.1372, -4.2069, 0.2440, 40.8644, 90.7471, 0
1745406883.789, 2.234, 3.227, -0.5501, -1.1373, -4.2070, 0.2485, 40.8640, 90.7517, 0
1745406883.868, 2.233, 3.228, -0.5501, -1.1373, -4.2071, 0.2345, 40.8644, 90.7581, 0
1745406883.988, 2.234, 3.227, -0.5501, -1.1373, -4.2071, 0.2431, 40.8683, 90.7519, 0
1745406884.068, 2.233, 3.228, -0.5500, -1.1373, -4.2070, 0.2306, 40.8612, 90.7648, 0
1745406884.147, 2.234, 3.224, -0.5502, -1.1373, -4.2070, 0.2259, 40.8597, 90.7672, 0
1745406884.227, 2.234, 3.224, -0.5501, -1.1373, -4.2069, 0.2283, 40.8650, 90.7607, 0
1745406884.306, 2.233, 3.223, -0.5500, -1.1374, -4.2071, 0.2246, 40.8684, 90.7572, 0
1745406884.386, 2.234, 3.223, -0.5500, -1.1373, -4.2070, 0.2271, 40.8652, 90.7653, 0
1745406884.466, 2.233, 3.224, -0.5501, -1.1373, -4.2070, 0.2179, 40.8580, 90.7759, 0
1745406884.545, 2.234, 3.223, -0.5501, -1.1373, -4.2071, 0.2176, 40.8553, 90.7734, 0
1745406884.625, 2.234, 3.223, -0.5502, -1.1372, -4.2070, 0.2123, 40.8557, 90.7832, 0
1745406884.705, 2.233, 3.227, -0.5504, -1.1374, -4.2070, 0.1990, 40.8598, 90.8052, 0
1745406884.784, 2.233, 3.222, -0.5501, -1.1372, -4.2069, 0.2023, 40.8573, 90.7969, 0
1745406884.864, 2.234, 3.228, -0.5502, -1.1373, -4.2070, 0.2120, 40.8613, 90.7772, 0
1745406884.944, 2.234, 3.227, -0.5501, -1.1373, -4.2069, 0.2043, 40.8580, 90.7855, 0
1745406885.023, 2.234, 3.227, -0.5501, -1.1373, -4.2070, 0.1971, 40.8512, 90.7896, 0
1745406885.103, 2.233, 3.227, -0.5501, -1.1372, -4.2070, 0.2043, 40.8470, 90.7831, 0
1745406885.183, 2.233, 3.228, -0.5502, -1.1372, -4.2069, 0.2167, 40.8537, 90.7840, 0
1745406885.262, 2.233, 3.227, -0.5502, -1.1372, -4.2069, 0.2131, 40.8615, 90.7722, 0
1745406885.342, 2.234, 3.226, -0.5501, -1.1373, -4.2070, 0.2097, 40.8590, 90.7742, 0
1745406885.421, 2.234, 3.226, -0.5501, -1.1373, -4.2070, 0.2152, 40.8542, 90.7731, 0
1745406885.501, 2.233, 3.222, -0.5502, -1.1373, -4.2069, 0.2048, 40.8509, 90.7772, 0
1745406885.581, 2.233, 3.227, -0.5501, -1.1372, -4.2069, 0.2111, 40.8539, 90.7684, 0
1745406885.660, 2.233, 3.224, -0.5502, -1.1372, -4.2070, 0.2264, 40.8538, 90.7566, 0
1745406885.740, 2.234, 3.225, -0.5501, -1.1373, -4.2070, 0.2169, 40.8574, 90.7605, 0
1745406885.820, 2.234, 3.225, -0.5501, -1.1373, -4.2072, 0.2233, 40.8572, 90.7595, 0
1745406885.899, 2.233, 3.223, -0.5500, -1.1373, -4.2070, 0.2238, 40.8534, 90.7671, 0
1745406885.979, 2.234, 3.227, -0.5502, -1.1373, -4.2070, 0.2167, 40.8514, 90.7777, 0
1745406886.059, 2.234, 3.224, -0.5501, -1.1373, -4.2071, 0.2101, 40.8532, 90.7810, 0
1745406886.138, 2.234, 3.223, -0.5500, -1.1373, -4.2070, 0.2019, 40.8523, 90.7906, 0
1745406886.218, 2.234, 3.223, -0.5500, -1.1374, -4.2071, 0.1954, 40.8582, 90.7877, 0
1745406886.298, 2.234, 3.222, -0.5500, -1.1373, -4.2071, 0.2098, 40.8580, 90.7774, 0
1745406886.377, 2.233, 3.223, -0.5501, -1.1373, -4.2070, 0.2091, 40.8644, 90.7760, 0
1745406886.457, 2.233, 3.223, -0.5500, -1.1372, -4.2070, 0.2085, 40.8612, 90.7772, 0
1745406886.536, 2.234, 3.228, -0.5502, -1.1373, -4.2070, 0.2072, 40.8543, 90.7898, 0
1745406886.616, 2.234, 3.228, -0.5500, -1.1373, -4.2072, 0.2058, 40.8536, 90.7873, 0
1745406886.696, 2.233, 3.226, -0.5520, -1.1373, -4.2049, 0.2386, 40.8949, 90.7896, 0
1745406886.776, 2.233, 3.228, -0.5575, -1.1373, -4.1989, 0.2640, 40.8684, 90.7157, 0
1745406886.855, 2.232, 3.220, -0.5666, -1.1379, -4.1892, 0.4110, 40.9367, 90.5853, 0
1745406886.935, 2.233, 3.206, -0.5778, -1.1378, -4.1765, 0.5096, 40.9194, 90.4796, 0
1745406887.014, 2.233, 3.206, -0.5899, -1.1384, -4.1629, 0.5461, 40.7273, 90.4653, 0
1745406887.094, 2.230, 3.194, -0.6014, -1.1390, -4.1499, 0.5140, 40.6358, 90.4828, 0
1745406887.174, 2.231, 3.170, -0.6117, -1.1391, -4.1377, 0.4448, 40.6016, 90.5782, 0
1745406887.253, 2.231, 3.143, -0.6208, -1.1390, -4.1271, 0.3623, 40.5965, 90.6139, 0
1745406887.333, 2.228, 3.123, -0.6287, -1.1396, -4.1181, 0.3249, 40.6324, 90.5921, 0
1745406887.413, 2.228, 3.123, -0.6368, -1.1399, -4.1091, 0.4054, 40.6911, 90.4970, 0
1745406887.492, 2.230, 3.110, -0.6452, -1.1400, -4.1002, 0.5873, 40.5952, 90.3793, 0
1745406887.572, 2.228, 3.095, -0.6547, -1.1402, -4.0895, 0.5972, 40.5474, 90.4571, 0
1745406887.651, 2.224, 3.075, -0.6643, -1.1408, -4.0782, 0.5234, 40.4597, 90.4827, 0
1745406887.731, 2.227, 3.075, -0.6745, -1.1407, -4.0664, 0.6346, 40.2635, 90.5059, 0
1745406887.811, 2.227, 3.057, -0.6827, -1.1411, -4.0568, 0.4774, 40.4216, 90.5196, 0
1745406887.890, 2.231, 3.039, -0.6861, -1.1418, -4.0532, 0.4723, 40.2839, 90.5062, 0
1745406887.970, 2.230, 3.028, -0.6856, -1.1411, -4.0536, 0.5006, 40.2880, 90.4930, 0
1745406888.050, 2.230, 3.015, -0.6844, -1.1410, -4.0551, 0.5251, 40.3103, 90.4746, 0
1745406888.129, 2.231, 3.015, -0.6834, -1.1410, -4.0562, 0.5204, 40.3034, 90.4587, 0
1745406888.209, 2.231, 3.017, -0.6830, -1.1410, -4.0566, 0.5321, 40.2789, 90.4531, 0
1745406888.289, 2.229, 3.024, -0.6830, -1.1409, -4.0565, 0.5272, 40.2631, 90.4688, 0
1745406888.368, 2.230, 3.019, -0.6829, -1.1410, -4.0565, 0.5241, 40.2596, 90.4709, 0
1745406888.448, 2.230, 3.026, -0.6829, -1.1410, -4.0567, 0.5348, 40.2619, 90.4723, 0
1745406888.528, 2.230, 3.026, -0.6829, -1.1411, -4.0566, 0.5305, 40.2587, 90.4687, 0
1745406888.607, 2.230, 3.019, -0.6828, -1.1411, -4.0568, 0.5292, 40.2618, 90.4692, 0
1745406888.687, 2.230, 3.019, -0.6829, -1.1411, -4.0566, 0.5266, 40.2599, 90.4861, 0
1745406888.767, 2.230, 3.026, -0.6829, -1.1410, -4.0567, 0.5291, 40.2627, 90.4835, 0
1745406888.846, 2.229, 3.027, -0.6828, -1.1411, -4.0567, 0.5267, 40.2620, 90.4792, 0
1745406888.926, 2.230, 3.027, -0.6828, -1.1411, -4.0567, 0.5264, 40.2584, 90.4842, 0
1745406889.005, 2.230, 3.019, -0.6828, -1.1411, -4.0567, 0.5339, 40.2601, 90.4882, 0
1745406889.085, 2.229, 3.024, -0.6828, -1.1410, -4.0567, 0.5341, 40.2596, 90.4928, 0
1745406889.165, 2.230, 3.019, -0.6828, -1.1411, -4.0567, 0.5280, 40.2549, 90.5016, 0
1745406889.245, 2.229, 3.027, -0.6827, -1.1411, -4.0568, 0.5221, 40.2559, 90.5000, 0
1745406889.324, 2.229, 3.027, -0.6827, -1.1411, -4.0568, 0.5331, 40.2538, 90.5042, 0
1745406889.404, 2.230, 3.026, -0.6827, -1.1412, -4.0567, 0.5257, 40.2581, 90.5076, 0
1745406889.483, 2.231, 3.026, -0.6827, -1.1411, -4.0568, 0.5247, 40.2618, 90.5021, 0
1745406889.563, 2.230, 3.021, -0.6825, -1.1412, -4.0569, 0.5304, 40.2652, 90.4935, 0
1745406889.643, 2.230, 3.020, -0.6826, -1.1411, -4.0568, 0.5341, 40.2640, 90.4944, 0
1745406889.722, 2.230, 3.020, -0.6827, -1.1412, -4.0569, 0.5282, 40.2681, 90.4985, 0
1745406889.802, 2.230, 3.027, -0.6826, -1.1412, -4.0569, 0.5224, 40.2641, 90.4980, 0
1745406889.882, 2.231, 3.026, -0.6826, -1.1412, -4.0569, 0.5348, 40.2688, 90.4857, 0
1745406889.961, 2.229, 3.027, -0.6826, -1.1413, -4.0570, 0.5249, 40.2620, 90.4908, 0
1745406890.041, 2.230, 3.020, -0.6825, -1.1413, -4.0570, 0.5247, 40.2609, 90.4918, 0
1745406890.121, 2.230, 3.020, -0.6825, -1.1412, -4.0569, 0.5259, 40.2611, 90.4928, 0
1745406890.200, 2.230, 3.025, -0.6826, -1.1412, -4.0569, 0.5352, 40.2631, 90.4912, 0
1745406890.280, 2.229, 3.027, -0.6825, -1.1413, -4.0570, 0.5256, 40.2664, 90.4898, 0
1745406890.360, 2.230, 3.027, -0.6825, -1.1412, -4.0570, 0.5252, 40.2638, 90.4922, 0
1745406890.439, 2.231, 3.020, -0.6826, -1.1412, -4.0569, 0.5219, 40.2684, 90.5011, 0
1745406890.519, 2.231, 3.020, -0.6825, -1.1413, -4.0571, 0.5173, 40.2673, 90.4937, 0
1745406890.598, 2.230, 3.025, -0.6825, -1.1413, -4.0570, 0.5182, 40.2661, 90.4967, 0
1745406890.678, 2.230, 3.025, -0.6824, -1.1413, -4.0570, 0.5241, 40.2673, 90.5012, 0
1745406890.758, 2.230, 3.022, -0.6825, -1.1413, -4.0570, 0.5292, 40.2719, 90.5057, 0
1745406890.837, 2.230, 3.024, -0.6825, -1.1413, -4.0571, 0.5286, 40.2668, 90.5070, 0
1745406891.036, 2.230, 3.025, -0.6824, -1.1413, -4.0571, 0.5239, 40.2612, 90.5023, 0
1745406891.116, 2.230, 3.025, -0.6824, -1.1413, -4.0571, 0.5245, 40.2656, 90.5084, 0
1745406891.196, 2.230, 3.026, -0.6824, -1.1413, -4.0572, 0.5237, 40.2650, 90.5082, 0
1745406891.275, 2.230, 3.025, -0.6824, -1.1413, -4.0571, 0.5064, 40.2646, 90.5122, 0
1745406891.355, 2.230, 3.019, -0.6824, -1.1413, -4.0571, 0.5188, 40.2635, 90.5036, 0
1745406891.435, 2.230, 3.028, -0.6825, -1.1413, -4.0571, 0.5140, 40.2578, 90.5114, 0
1745406891.514, 2.230, 3.028, -0.6823, -1.1413, -4.0571, 0.5135, 40.2563, 90.5169, 0
1745406891.594, 2.230, 3.025, -0.6823, -1.1413, -4.0571, 0.5197, 40.2618, 90.5123, 0
1745406891.674, 2.229, 3.025, -0.6823, -1.1414, -4.0573, 0.5339, 40.2609, 90.5055, 0
1745406891.753, 2.230, 3.027, -0.6823, -1.1414, -4.0572, 0.5231, 40.2613, 90.5135, 0
1745406891.833, 2.229, 3.025, -0.6823, -1.1414, -4.0572, 0.5208, 40.2642, 90.5135, 0
1745406891.912, 2.229, 3.025, -0.6823, -1.1414, -4.0572, 0.5192, 40.2648, 90.5069, 0
1745406891.992, 2.230, 3.025, -0.6824, -1.1413, -4.0572, 0.5188, 40.2645, 90.5094, 0
1745406892.072, 2.230, 3.025, -0.6823, -1.1415, -4.0573, 0.5184, 40.2630, 90.5097, 0
1745406892.151, 2.231, 3.025, -0.6824, -1.1413, -4.0571, 0.5166, 40.2624, 90.5156, 0
1745406892.231, 2.230, 3.025, -0.6823, -1.1414, -4.0572, 0.5247, 40.2664, 90.5038, 0
1745406892.311, 2.230, 3.025, -0.6822, -1.1414, -4.0572, 0.5282, 40.2701, 90.5025, 0
1745406892.390, 2.230, 3.021, -0.6823, -1.1413, -4.0572, 0.5378, 40.2261, 90.5076, 0
1745406892.470, 2.230, 3.025, -0.6823, -1.1414, -4.0572, 0.5365, 40.2310, 90.5165, 0
1745406892.550, 2.229, 3.020, -0.6823, -1.1415, -4.0572, 0.5386, 40.2290, 90.5132, 0
1745406892.629, 2.229, 3.020, -0.6822, -1.1414, -4.0572, 0.5334, 40.2327, 90.5104, 0
1745406892.709, 2.229, 3.020, -0.6822, -1.1415, -4.0572, 0.5332, 40.2349, 90.5069, 0
1745406892.788, 2.230, 3.019, -0.6822, -1.1415, -4.0573, 0.5339, 40.2390, 90.4999, 0
1745406892.868, 2.229, 3.028, -0.6822, -1.1415, -4.0572, 0.5302, 40.2324, 90.5109, 0
1745406892.948, 2.229, 3.021, -0.6822, -1.1415, -4.0573, 0.5363, 40.2336, 90.5075, 0
1745406893.027, 2.230, 3.021, -0.6822, -1.1415, -4.0572, 0.5326, 40.2335, 90.5121, 0
1745406893.107, 2.230, 3.019, -0.6822, -1.1415, -4.0573, 0.5304, 40.2331, 90.5112, 0
1745406893.187, 2.230, 3.020, -0.6822, -1.1415, -4.0572, 0.5366, 40.2322, 90.5121, 0
1745406893.266, 2.230, 3.026, -0.6822, -1.1415, -4.0570, 0.5389, 40.2299, 90.5137, 0
1745406893.346, 2.230, 3.025, -0.6822, -1.1415, -4.0572, 0.5449, 40.2282, 90.5029, 0
1745406893.426, 2.230, 3.025, -0.6823, -1.1414, -4.0572, 0.5554, 40.2302, 90.5058, 0
1745406893.505, 2.230, 3.021, -0.6821, -1.1416, -4.0573, 0.5513, 40.2306, 90.5055, 0
1745406893.585, 2.230, 3.026, -0.6821, -1.1415, -4.0572, 0.5518, 40.2355, 90.5063, 0
1745406893.665, 2.230, 3.026, -0.6821, -1.1415, -4.0573, 0.5569, 40.2346, 90.4999, 0
1745406893.744, 2.229, 3.020, -0.6822, -1.1415, -4.0573, 0.5536, 40.2346, 90.5032, 0
1745406893.824, 2.230, 3.020, -0.6820, -1.1416, -4.0574, 0.5361, 40.2345, 90.5139, 0
1745406893.904, 2.230, 3.026, -0.6820, -1.1416, -4.0573, 0.5394, 40.2050, 90.5056, 0
1745406893.983, 2.230, 3.019, -0.6827, -1.1416, -4.0562, 0.5345, 40.0925, 90.5114, 0
1745406894.063, 2.230, 3.021, -0.6838, -1.1416, -4.0547, 0.5505, 39.8329, 90.5012, 0
1745406894.143, 2.229, 3.024, -0.6854, -1.1415, -4.0520, 0.5546, 39.3186, 90.4965, 0
1745406894.222, 2.231, 3.024, -0.6870, -1.1416, -4.0487, 0.5496, 38.6871, 90.4974, 0
1745406894.302, 2.231, 3.020, -0.6892, -1.1416, -4.0454, 0.5997, 38.1156, 90.4826, 0
1745406894.381, 2.232, 3.016, -0.6915, -1.1418, -4.0415, 0.6532, 37.3728, 90.4972, 0
1745406894.461, 2.234, 3.014, -0.6938, -1.1417, -4.0372, 0.7054, 36.5423, 90.4149, 0
1745406894.541, 2.238, 3.004, -0.6962, -1.1419, -4.0326, 0.7257, 35.7281, 90.4437, 0
1745406894.620, 2.242, 3.004, -0.6987, -1.1420, -4.0277, 0.7712, 34.8806, 90.4622, 0
1745406894.700, 2.242, 3.004, -0.7014, -1.1420, -4.0227, 0.8408, 33.9836, 90.4234, 0
1745406894.780, 2.235, 3.006, -0.7036, -1.1424, -4.0182, 0.7875, 33.2049, 90.4326, 0
1745406894.859, 2.231, 3.000, -0.7059, -1.1424, -4.0135, 0.7560, 32.3584, 90.4940, 0
1745406894.939, 2.258, 2.994, -0.7080, -1.1422, -4.0083, 0.7825, 31.5899, 90.4778, 0
1745406895.019, 2.258, 2.994, -0.7105, -1.1426, -4.0033, 0.7657, 30.7170, 90.4840, 0
1745406895.098, 2.265, 2.995, -0.7126, -1.1424, -3.9973, 0.7241, 29.7856, 90.5379, 0
1745406895.178, 2.275, 2.997, -0.7151, -1.1425, -3.9913, 0.6721, 28.8390, 90.6177, 0
1745406895.258, 2.285, 3.005, -0.7174, -1.1425, -3.9850, 0.5579, 27.8553, 90.8026, 0
1745406895.337, 2.296, 3.010, -0.7196, -1.1423, -3.9782, 0.5271, 26.8477, 90.8978, 0
1745406895.417, 2.296, 3.010, -0.7217, -1.1424, -3.9715, 0.5689, 25.7731, 90.8775, 0
1745406895.496, 2.307, 3.008, -0.7238, -1.1425, -3.9646, 0.5708, 24.6240, 90.8952, 0
1745406895.576, 2.325, 3.020, -0.7257, -1.1424, -3.9573, 0.5906, 23.5494, 90.8842, 0
1745406895.656, 2.344, 3.032, -0.7277, -1.1427, -3.9503, 0.5849, 22.5164, 90.8421, 0
1745406895.735, 2.365, 3.040, -0.7294, -1.1430, -3.9428, 0.6475, 21.3069, 90.7837, 0
1745406895.815, 2.365, 3.040, -0.7314, -1.1431, -3.9346, 0.7292, 20.0303, 90.7407, 0
1745406895.895, 2.394, 3.060, -0.7332, -1.1428, -3.9255, 0.7757, 18.6577, 90.6567, 0
1745406895.974, 2.419, 3.078, -0.7347, -1.1429, -3.9169, 0.8418, 17.3580, 90.6081, 0
1745406896.054, 2.451, 3.103, -0.7358, -1.1429, -3.9109, 0.8986, 16.4653, 90.5261, 0
1745406896.134, 2.515, 3.128, -0.7362, -1.1430, -3.9094, 0.9175, 16.4361, 90.5434, 0
1745406896.213, 2.515, 3.128, -0.7359, -1.1432, -3.9099, 0.8850, 16.4160, 90.4875, 0
1745406896.412, 2.530, 3.139, -0.7359, -1.1431, -3.9100, 0.8982, 16.4077, 90.4702, 0
1745406896.612, 2.535, 3.135, -0.7360, -1.1431, -3.9100, 0.8924, 16.4108, 90.4681, 0
1745406898.981, 2.362, 2.904, -0.7741, -1.1436, -3.8570, 0.6405, 29.4868, 90.4480, 0
1745406899.061, 2.344, 2.880, -0.7776, -1.1436, -3.8510, 0.5895, 29.5452, 90.4209, 0
1745406899.140, 2.335, 2.863, -0.7812, -1.1434, -3.8448, 0.6200, 29.3822, 90.4250, 0
1745406899.220, 2.333, 2.863, -0.7847, -1.1435, -3.8387, 0.6171, 29.2866, 90.3997, 0
1745406899.300, 2.333, 2.848, -0.7882, -1.1435, -3.8332, 0.6229, 29.2760, 90.3792, 0
1745406899.379, 2.337, 2.842, -0.7917, -1.1435, -3.8275, 0.6915, 29.2231, 90.3314, 0
1745406899.459, 2.341, 2.838, -0.7949, -1.1435, -3.8218, 0.7041, 29.0667, 90.3276, 0
1745406899.538, 2.340, 2.825, -0.7989, -1.1434, -3.8161, 0.6471, 29.6428, 90.4276, 0
1745406899.618, 2.339, 2.825, -0.8030, -1.1434, -3.8107, 0.5848, 30.4060, 90.3621, 0
1745406899.698, 2.339, 2.822, -0.8070, -1.1437, -3.8050, 0.6214, 30.5949, 90.4066, 0
1745406899.777, 2.334, 2.806, -0.8108, -1.1437, -3.7989, 0.5894, 30.6019, 90.4513, 0
1745406899.857, 2.333, 2.795, -0.8142, -1.1434, -3.7933, 0.5125, 30.5737, 90.5167, 0
1745406899.937, 2.337, 2.783, -0.8178, -1.1434, -3.7876, 0.4531, 30.5411, 90.5259, 0
1745406900.016, 2.338, 2.783, -0.8208, -1.1436, -3.7821, 0.3512, 30.5692, 90.5496, 0
1745406900.096, 2.338, 2.780, -0.8240, -1.1432, -3.7760, 0.3120, 30.5624, 90.5518, 0
1745406900.176, 2.337, 2.771, -0.8276, -1.1432, -3.7704, 0.3507, 30.7155, 90.5246, 0
1745406900.255, 2.336, 2.764, -0.8319, -1.1436, -3.7655, 0.2565, 31.6852, 90.5244, 0
1745406900.335, 2.339, 2.752, -0.8363, -1.1435, -3.7605, 0.2796, 32.6942, 90.4877, 0
1745406900.415, 2.331, 2.752, -0.8400, -1.1437, -3.7551, 0.2788, 32.7991, 90.4688, 0
1745406900.494, 2.331, 2.736, -0.8438, -1.1437, -3.7498, 0.3033, 32.8150, 90.4214, 0
1745406900.574, 2.324, 2.720, -0.8475, -1.1436, -3.7448, 0.3760, 32.7734, 90.3719, 0
1745406900.654, 2.322, 2.712, -0.8509, -1.1437, -3.7398, 0.3651, 32.7527, 90.3661, 0
1745406900.733, 2.326, 2.710, -0.8542, -1.1435, -3.7350, 0.4001, 32.7269, 90.3308, 0
1745406900.813, 2.326, 2.710, -0.8581, -1.1434, -3.7297, 0.3933, 33.1082, 90.4242, 0
1745406900.892, 2.328, 2.696, -0.8627, -1.1432, -3.7249, 0.4072, 33.9305, 90.4500, 0
1745406900.972, 2.329, 2.688, -0.8668, -1.1434, -3.7195, 0.4258, 34.0898, 90.3752, 0
1745406901.052, 2.321, 2.677, -0.8705, -1.1437, -3.7135, 0.3687, 34.1414, 90.3970, 0
1745406901.131, 2.322, 2.666, -0.8744, -1.1438, -3.7083, 0.4175, 34.0531, 90.3286, 0
1745406901.211, 2.322, 2.666, -0.8783, -1.1439, -3.7031, 0.3618, 33.9247, 90.3855, 0
1745406901.291, 2.324, 2.651, -0.8821, -1.1441, -3.6993, 0.4421, 34.5101, 90.3031, 0
1745406901.370, 2.322, 2.651, -0.8858, -1.1434, -3.6949, 0.3337, 35.4502, 90.2714, 0
1745406901.450, 2.320, 2.644, -0.8900, -1.1436, -3.6895, 0.3672, 35.6495, 90.2956, 0
1745406901.530, 2.318, 2.627, -0.8937, -1.1437, -3.6842, 0.4007, 35.6773, 90.2401, 0
1745406901.609, 2.318, 2.627, -0.8975, -1.1437, -3.6792, 0.4216, 35.6217, 90.2191, 0
1745406901.689, 2.317, 2.625, -0.9013, -1.1442, -3.6746, 0.4003, 35.6068, 90.2166, 0
1745406901.769, 2.320, 2.613, -0.9049, -1.1434, -3.6696, 0.4946, 35.6604, 90.1377, 0
1745406901.848, 2.321, 2.611, -0.9088, -1.1439, -3.6654, 0.4734, 36.4160, 90.1116, 0
1745406901.928, 2.320, 2.603, -0.9128, -1.1443, -3.6613, 0.5286, 36.6332, 90.0932, 0
1745406902.007, 2.320, 2.603, -0.9164, -1.1437, -3.6564, 0.4944, 36.6085, 90.1209, 0
1745406902.087, 2.314, 2.592, -0.9203, -1.1443, -3.6520, 0.4537, 36.6168, 90.1952, 0
1745406902.167, 2.316, 2.581, -0.9236, -1.1441, -3.6471, 0.4340, 36.5663, 90.2382, 0
1745406902.246, 2.314, 2.578, -0.9272, -1.1440, -3.6431, 0.4273, 36.9828, 90.2487, 0
1745406902.326, 2.320, 2.566, -0.9307, -1.1439, -3.6400, 0.3293, 38.0647, 90.2324, 0
1745406902.406, 2.320, 2.566, -0.9350, -1.1442, -3.6366, 0.4229, 38.7201, 90.2012, 0
1745406902.485, 2.315, 2.557, -0.9386, -1.1439, -3.6322, 0.4649, 38.6732, 90.1745, 0
1745406902.565, 2.310, 2.552, -0.9417, -1.1440, -3.6278, 0.3807, 38.6267, 90.2176, 0
1745406902.645, 2.309, 2.544, -0.9456, -1.1438, -3.6229, 0.3237, 38.5465, 90.2721, 0
1745406902.724, 2.314, 2.542, -0.9490, -1.1437, -3.6188, 0.2907, 39.0968, 90.2612, 0
1745406902.804, 2.314, 2.542, -0.9530, -1.1444, -3.6155, 0.2376, 39.6258, 90.2648, 0
1745406902.884, 2.313, 2.530, -0.9560, -1.1441, -3.6119, 0.2615, 39.6436, 90.2248, 0
1745406902.963, 2.308, 2.528, -0.9589, -1.1437, -3.6079, 0.1781, 39.6349, 90.2647, 0
1745406903.043, 2.309, 2.516, -0.9621, -1.1439, -3.6047, 0.1927, 39.6386, 90.2462, 0
1745406903.123, 2.313, 2.517, -0.9649, -1.1441, -3.6012, 0.1623, 39.6499, 90.2480, 0
1745406903.202, 2.313, 2.517, -0.9674, -1.1437, -3.5981, 0.1928, 39.6416, 90.2079, 0
1745406903.282, 2.308, 2.512, -0.9686, -1.1438, -3.5971, 0.2169, 39.6534, 90.1918, 0
1745406903.361, 2.310, 2.506, -0.9687, -1.1441, -3.5972, 0.2469, 39.6529, 90.1598, 0
1745406903.441, 2.309, 2.499, -0.9685, -1.1436, -3.5969, 0.3084, 39.6384, 90.1147, 0
1745406903.521, 2.310, 2.502, -0.9687, -1.1438, -3.5971, 0.3017, 39.6318, 90.1323, 0
1745406903.600, 2.310, 2.502, -0.9684, -1.1437, -3.5970, 0.3466, 39.6466, 90.1017, 0
1745406903.680, 2.310, 2.499, -0.9685, -1.1436, -3.5970, 0.3750, 39.6501, 90.0751, 0
1745406903.760, 2.310, 2.498, -0.9684, -1.1437, -3.5971, 0.4347, 39.6537, 90.0261, 0
1745406903.839, 2.309, 2.501, -0.9682, -1.1438, -3.5971, 0.4797, 39.6581, 89.9806, 0
1745406903.919, 2.310, 2.499, -0.9686, -1.1440, -3.5972, 0.4429, 39.6580, 89.9998, 0
1745406903.999, 2.310, 2.499, -0.9683, -1.1437, -3.5970, 0.4455, 39.6573, 89.9990, 0
1745406904.078, 2.310, 2.499, -0.9683, -1.1437, -3.5971, 0.4888, 39.6602, 89.9576, 0
1745406904.277, 2.309, 2.499, -0.9684, -1.1437, -3.5971, 0.4620, 39.6740, 89.9682, 0
1745406904.357, 2.309, 2.502, -0.9683, -1.1438, -3.5972, 0.4520, 39.6695, 89.9732, 0
1745406904.437, 2.308, 2.502, -0.9686, -1.1440, -3.5971, 0.3964, 39.6753, 90.0095, 0
1745406904.516, 2.308, 2.502, -0.9687, -1.1438, -3.5970, 0.3970, 39.6775, 90.0120, 0
1745406904.596, 2.308, 2.504, -0.9684, -1.1437, -3.5971, 0.4508, 39.6763, 89.9698, 0
1745406904.676, 2.308, 2.504, -0.9686, -1.1438, -3.5970, 0.4030, 39.6669, 90.0063, 0
1745406904.755, 2.309, 2.498, -0.9684, -1.1435, -3.5970, 0.4607, 39.6628, 89.9773, 0
1745406904.835, 2.309, 2.498, -0.9684, -1.1437, -3.5971, 0.5006, 39.6689, 89.9358, 0
1745406904.915, 2.310, 2.498, -0.9684, -1.1438, -3.5971, 0.4668, 39.6704, 89.9582, 0
1745406904.994, 2.310, 2.503, -0.9684, -1.1439, -3.5971, 0.4015, 39.6688, 90.0046, 0
1745406905.074, 2.309, 2.503, -0.9687, -1.1439, -3.5971, 0.4101, 39.6670, 90.0168, 0
1745406905.154, 2.310, 2.502, -0.9683, -1.1437, -3.5971, 0.4386, 39.6672, 89.9834, 0
1745406905.233, 2.309, 2.503, -0.9686, -1.1440, -3.5972, 0.3978, 39.6657, 90.0072, 0
1745406905.313, 2.310, 2.503, -0.9687, -1.1436, -3.5969, 0.4121, 39.6625, 90.0051, 0
1745406905.392, 2.310, 2.504, -0.9684, -1.1436, -3.5970, 0.4548, 39.6648, 89.9824, 0
1745406905.472, 2.309, 2.502, -0.9684, -1.1437, -3.5970, 0.4921, 39.6613, 89.9570, 0
1745406905.552, 2.309, 2.503, -0.9683, -1.1437, -3.5971, 0.4894, 39.6661, 89.9585, 0
1745406905.631, 2.310, 2.504, -0.9686, -1.1439, -3.5972, 0.4963, 39.6726, 89.9583, 0
1745406905.711, 2.310, 2.504, -0.9684, -1.1438, -3.5971, 0.4835, 39.6725, 89.9767, 0
1745406905.791, 2.310, 2.499, -0.9684, -1.1436, -3.5970, 0.5215, 39.6748, 89.9519, 0
1745406905.870, 2.309, 2.498, -0.9684, -1.1437, -3.5970, 0.5097, 39.6773, 89.9502, 0
1745406905.950, 2.310, 2.499, -0.9683, -1.1438, -3.5970, 0.5047, 39.6767, 89.9527, 0
1745406906.030, 2.309, 2.504, -0.9686, -1.1439, -3.5972, 0.4617, 39.6822, 89.9780, 0
1745406906.109, 2.309, 2.504, -0.9683, -1.1438, -3.5971, 0.4493, 39.6760, 89.9807, 0
1745406906.189, 2.309, 2.502, -0.9684, -1.1437, -3.5970, 0.4942, 39.6727, 89.9518, 0
1745406906.268, 2.308, 2.498, -0.9684, -1.1439, -3.5971, 0.4080, 39.6761, 90.0078, 0
1745406906.348, 2.309, 2.503, -0.9685, -1.1437, -3.5970, 0.3930, 39.6740, 90.0260, 0
1745406906.428, 2.309, 2.501, -0.9685, -1.1436, -3.5970, 0.4494, 39.6702, 89.9884, 0
1745406906.508, 2.309, 2.501, -0.9684, -1.1437, -3.5970, 0.4977, 39.6699, 89.9553, 0
1745406906.587, 2.309, 2.504, -0.9683, -1.1438, -3.5971, 0.5324, 39.6732, 89.9379, 0
1745406906.667, 2.309, 2.498, -0.9684, -1.1437, -3.5970, 0.5186, 39.6825, 89.9466, 0
1745406906.746, 2.309, 2.502, -0.9682, -1.1438, -3.5972, 0.5497, 39.6851, 89.9080, 0
1745406906.826, 2.310, 2.504, -0.9683, -1.1439, -3.5971, 0.5669, 39.6896, 89.8951, 0
1745406906.906, 2.310, 2.504, -0.9682, -1.1439, -3.5972, 0.5863, 39.6910, 89.8806, 0
1745406906.985, 2.309, 2.503, -0.9681, -1.1439, -3.5972, 0.6011, 39.6918, 89.8630, 0
1745406907.065, 2.310, 2.503, -0.9681, -1.1440, -3.5972, 0.5720, 39.6881, 89.8777, 0
1745406907.145, 2.311, 2.499, -0.9683, -1.1441, -3.5974, 0.5699, 39.6934, 89.8863, 0
1745406907.224, 2.309, 2.498, -0.9681, -1.1439, -3.5973, 0.5373, 39.6907, 89.9001, 0
1745406907.304, 2.309, 2.498, -0.9682, -1.1439, -3.5972, 0.4892, 39.6856, 89.9422, 0
1745406907.384, 2.309, 2.497, -0.9682, -1.1439, -3.5972, 0.4878, 39.6857, 89.9345, 0
1745406907.463, 2.309, 2.499, -0.9684, -1.1441, -3.5973, 0.4241, 39.6846, 89.9841, 0
1745406907.543, 2.310, 2.498, -0.9683, -1.1436, -3.5970, 0.4630, 39.6846, 89.9604, 0
1745406907.622, 2.309, 2.498, -0.9681, -1.1439, -3.5972, 0.5008, 39.6813, 89.9269, 0
1745406907.702, 2.309, 2.498, -0.9683, -1.1439, -3.5972, 0.4623, 39.6872, 89.9472, 0
1745406907.782, 2.309, 2.498, -0.9682, -1.1438, -3.5970, 0.4578, 39.6842, 89.9484, 0
1745406907.861, 2.308, 2.502, -0.9686, -1.1440, -3.5973, 0.4349, 39.6823, 89.9604, 0
1745406907.941, 2.309, 2.503, -0.9682, -1.1437, -3.5970, 0.4714, 39.6806, 89.9261, 0
1745406908.021, 2.309, 2.503, -0.9686, -1.1440, -3.5972, 0.4144, 39.6843, 89.9735, 0
1745406908.100, 2.309, 2.503, -0.9682, -1.1437, -3.5971, 0.4540, 39.6771, 89.9402, 0
1745406908.180, 2.309, 2.498, -0.9683, -1.1437, -3.5971, 0.4550, 39.6747, 89.9464, 0
1745406908.260, 2.309, 2.499, -0.9684, -1.1436, -3.5969, 0.4339, 39.6678, 89.9695, 0
1745406908.339, 2.309, 2.498, -0.9690, -1.1444, -3.5973, 0.4722, 39.6962, 89.9622, 0
1745406908.419, 2.310, 2.504, -0.9684, -1.1436, -3.5970, 0.4475, 39.6869, 89.9692, 0
1745406908.499, 2.310, 2.504, -0.9684, -1.1437, -3.5969, 0.4460, 39.6816, 89.9756, 0
1745406908.578, 2.309, 2.502, -0.9687, -1.1441, -3.5972, 0.4207, 39.6781, 89.9919, 0
1745406908.658, 2.309, 2.502, -0.9684, -1.1437, -3.5970, 0.4222, 39.6752, 89.9971, 0
1745406908.737, 2.309, 2.498, -0.9686, -1.1438, -3.5971, 0.4433, 39.6755, 89.9811, 0
1745406908.817, 2.309, 2.499, -0.9683, -1.1437, -3.5970, 0.4784, 39.6740, 89.9527, 0
1745406908.897, 2.309, 2.499, -0.9687, -1.1438, -3.5971, 0.4567, 39.6802, 89.9765, 0
1745406908.976, 2.309, 2.497, -0.9687, -1.1440, -3.5971, 0.4089, 39.6763, 90.0037, 0
1745406909.056, 2.309, 2.503, -0.9685, -1.1435, -3.5969, 0.4514, 39.6714, 89.9638, 0
1745406909.136, 2.309, 2.502, -0.9685, -1.1436, -3.5969, 0.4582, 39.6727, 89.9650, 0
1745406909.215, 2.309, 2.497, -0.9687, -1.1439, -3.5970, 0.4714, 39.6776, 89.9548, 0
1745406909.295, 2.309, 2.497, -0.9685, -1.1436, -3.5970, 0.4624, 39.6751, 89.9522, 0
1745406909.375, 2.310, 2.498, -0.9684, -1.1436, -3.5969, 0.5009, 39.6770, 89.9273, 0
1745406909.454, 2.309, 2.504, -0.9686, -1.1440, -3.5973, 0.5013, 39.6815, 89.9236, 0
1745406909.534, 2.309, 2.499, -0.9684, -1.1437, -3.5970, 0.4856, 39.6884, 89.9284, 0
1745406909.614, 2.309, 2.498, -0.9685, -1.1437, -3.5970, 0.4858, 39.6883, 89.9349, 0
1745406909.693, 2.309, 2.498, -0.9684, -1.1436, -3.5970, 0.4632, 39.6806, 89.9467, 0
1745406909.773, 2.310, 2.498, -0.9687, -1.1440, -3.5972, 0.4226, 39.6797, 89.9766, 0
1745406909.852, 2.310, 2.503, -0.9686, -1.1436, -3.5968, 0.3833, 39.6742, 89.9993, 0
1745406909.932, 2.310, 2.497, -0.9688, -1.1437, -3.5970, 0.4075, 39.6758, 89.9823, 0
1745406910.012, 2.311, 2.497, -0.9689, -1.1438, -3.5971, 0.4151, 39.6696, 89.9806, 0
1745406910.092, 2.311, 2.502, -0.9686, -1.1437, -3.5969, 0.4054, 39.6630, 89.9755, 0
1745406910.171, 2.310, 2.497, -0.9687, -1.1436, -3.5968, 0.3567, 39.6582, 90.0028, 0
1745406910.251, 2.309, 2.504, -0.9688, -1.1434, -3.5968, 0.3834, 39.6520, 89.9922, 0
1745406910.330, 2.309, 2.498, -0.9688, -1.1435, -3.5968, 0.3906, 39.6545, 89.9896, 0
1745406910.410, 2.308, 2.498, -0.9687, -1.1434, -3.5968, 0.4081, 39.6567, 89.9836, 0
1745406910.490, 2.308, 2.502, -0.9687, -1.1435, -3.5968, 0.4441, 39.6633, 89.9663, 0
1745406910.569, 2.309, 2.503, -0.9688, -1.1438, -3.5970, 0.4500, 39.6689, 89.9495, 0
1745406910.649, 2.310, 2.497, -0.9690, -1.1438, -3.5969, 0.3918, 39.6737, 89.9993, 0
1745406910.729, 2.309, 2.498, -0.9687, -1.1434, -3.5966, 0.3492, 39.6699, 90.0288, 0
1745406910.808, 2.310, 2.498, -0.9689, -1.1435, -3.5967, 0.3376, 39.6639, 90.0256, 0
1745406910.888, 2.310, 2.502, -0.9691, -1.1435, -3.5967, 0.3678, 39.6632, 89.9991, 0
1745406910.968, 2.311, 2.502, -0.9690, -1.1438, -3.5968, 0.3302, 39.6597, 90.0148, 0
1745406911.047, 2.309, 2.503, -0.9689, -1.1433, -3.5966, 0.3326, 39.6595, 90.0086, 0
1745406911.127, 2.309, 2.503, -0.9690, -1.1434, -3.5966, 0.3154, 39.6573, 90.0163, 0
1745406911.207, 2.309, 2.503, -0.9691, -1.1434, -3.5966, 0.3102, 39.6584, 90.0192, 0
1745406911.286, 2.309, 2.503, -0.9692, -1.1435, -3.5967, 0.3397, 39.6601, 89.9988, 0
1745406911.366, 2.309, 2.499, -0.9691, -1.1433, -3.5965, 0.3432, 39.6575, 90.0060, 0
1745406911.445, 2.310, 2.501, -0.9690, -1.1433, -3.5966, 0.3958, 39.6635, 89.9685, 0
1745406911.525, 2.310, 2.498, -0.9690, -1.1434, -3.5967, 0.4428, 39.6773, 89.9486, 0
1745406911.605, 2.310, 2.498, -0.9693, -1.1439, -3.5970, 0.4698, 39.7081, 89.9433, 0
1745406911.684, 2.310, 2.505, -0.9690, -1.1434, -3.5965, 0.4005, 39.7101, 89.9960, 0
1745406911.764, 2.309, 2.502, -0.9690, -1.1432, -3.5966, 0.4867, 39.7055, 89.9351, 0
1745406911.844, 2.308, 2.502, -0.9692, -1.1437, -3.5968, 0.4504, 39.7002, 89.9608, 0
1745406911.923, 2.309, 2.499, -0.9690, -1.1434, -3.5966, 0.3930, 39.6901, 89.9919, 0
1745406912.003, 2.309, 2.499, -0.9693, -1.1435, -3.5966, 0.3434, 39.6888, 90.0220, 0
1745406912.083, 2.310, 2.502, -0.9692, -1.1435, -3.5966, 0.3496, 39.6795, 90.0100, 0
1745406912.162, 2.310, 2.499, -0.9693, -1.1434, -3.5966, 0.3806, 39.6789, 89.9913, 0
1745406912.242, 2.308, 2.497, -0.9693, -1.1434, -3.5966, 0.3542, 39.6719, 90.0057, 0
1745406912.323, 2.309, 2.502, -0.9692, -1.1430, -3.5964, 0.3711, 39.6628, 90.0048, 0
1745406912.521, 2.308, 2.503, -0.9691, -1.1432, -3.5965, 0.4797, 39.6727, 89.9242, 0
1745406912.600, 2.308, 2.503, -0.9691, -1.1432, -3.5964, 0.4377, 39.6646, 89.9479, 0
1745406912.680, 2.308, 2.505, -0.9691, -1.1433, -3.5965, 0.4322, 39.6743, 89.9447, 0
1745406912.760, 2.309, 2.499, -0.9694, -1.1435, -3.5966, 0.3756, 39.6755, 89.9906, 0
1745406912.839, 2.310, 2.497, -0.9692, -1.1430, -3.5964, 0.4198, 39.6693, 89.9510, 0
1745406912.919, 2.310, 2.497, -0.9691, -1.1431, -3.5964, 0.4261, 39.6653, 89.9456, 0
1745406912.999, 2.310, 2.497, -0.9692, -1.1433, -3.5965, 0.3917, 39.6648, 89.9790, 0
1745406913.078, 2.309, 2.502, -0.9698, -1.1441, -3.5968, 0.4222, 39.7081, 89.9791, 0
1745406913.158, 2.310, 2.503, -0.9691, -1.1430, -3.5963, 0.3820, 39.6850, 89.9806, 0
1745406913.238, 2.309, 2.499, -0.9694, -1.1434, -3.5965, 0.3775, 39.6808, 89.9761, 0
1745406913.317, 2.308, 2.498, -0.9693, -1.1431, -3.5963, 0.3519, 39.6754, 90.0042, 0
1745406913.397, 2.308, 2.498, -0.9696, -1.1434, -3.5964, 0.3452, 39.6753, 90.0036, 0
1745406913.476, 2.310, 2.505, -0.9695, -1.1431, -3.5963, 0.2870, 39.6661, 90.0413, 0
1745406913.556, 2.309, 2.498, -0.9695, -1.1430, -3.5962, 0.3239, 39.6615, 90.0103, 0
1745406913.636, 2.309, 2.497, -0.9695, -1.1429, -3.5962, 0.3745, 39.6597, 89.9745, 0
1745406913.715, 2.310, 2.504, -0.9693, -1.1430, -3.5962, 0.4154, 39.6606, 89.9383, 0
1745406913.795, 2.310, 2.504, -0.9692, -1.1431, -3.5965, 0.4611, 39.6658, 89.9108, 0
1745406913.875, 2.308, 2.498, -0.9693, -1.1432, -3.5963, 0.4116, 39.6692, 89.9470, 0
1745406913.954, 2.309, 2.504, -0.9695, -1.1433, -3.5965, 0.4224, 39.6698, 89.9384, 0
1745406914.034, 2.310, 2.502, -0.9693, -1.1431, -3.5964, 0.4590, 39.6708, 89.9174, 0
1745406914.114, 2.310, 2.497, -0.9694, -1.1434, -3.5965, 0.4344, 39.6803, 89.9353, 0
1745406914.193, 2.310, 2.497, -0.9693, -1.1432, -3.5964, 0.4121, 39.6757, 89.9472, 0
1745406914.273, 2.308, 2.503, -0.9692, -1.1431, -3.5964, 0.4200, 39.6700, 89.9345, 0
1745406914.352, 2.310, 2.503, -0.9693, -1.1432, -3.5964, 0.3888, 39.6745, 89.9608, 0
1745406914.432, 2.310, 2.502, -0.9694, -1.1432, -3.5963, 0.3291, 39.6650, 90.0111, 0
1745406914.512, 2.310, 2.503, -0.9695, -1.1430, -3.5962, 0.3035, 39.6629, 90.0388, 0
1745406914.592, 2.310, 2.503, -0.9693, -1.1430, -3.5963, 0.3655, 39.6565, 89.9936, 0
1745406914.671, 2.310, 2.504, -0.9696, -1.1433, -3.5964, 0.3909, 39.6679, 89.9758, 0
1745406914.751, 2.309, 2.497, -0.9694, -1.1433, -3.5965, 0.3553, 39.6638, 89.9885, 0
1745406914.830, 2.309, 2.498, -0.9694, -1.1430, -3.5962, 0.3723, 39.6648, 89.9875, 0
1745406914.910, 2.310, 2.502, -0.9695, -1.1428, -3.5962, 0.3852, 39.6693, 89.9704, 0
1745406914.990, 2.310, 2.502, -0.9692, -1.1431, -3.5963, 0.4265, 39.6751, 89.9370, 0
1745406915.069, 2.310, 2.504, -0.9695, -1.1434, -3.5964, 0.4066, 39.6761, 89.9530, 0
1745406915.149, 2.309, 2.503, -0.9694, -1.1431, -3.5963, 0.4094, 39.6722, 89.9508, 0
1745406915.229, 2.309, 2.502, -0.9696, -1.1432, -3.5964, 0.3968, 39.6724, 89.9624, 0
1745406915.308, 2.309, 2.502, -0.9694, -1.1431, -3.5963, 0.3903, 39.6705, 89.9599, 0
1745406915.388, 2.309, 2.497, -0.9693, -1.1430, -3.5963, 0.4309, 39.6745, 89.9309, 0
1745406915.468, 2.309, 2.498, -0.9693, -1.1430, -3.5964, 0.4769, 39.6723, 89.8921, 0
1745406915.547, 2.309, 2.502, -0.9696, -1.1435, -3.5965, 0.4037, 39.6693, 89.9447, 0
1745406915.627, 2.310, 2.499, -0.9693, -1.1430, -3.5962, 0.3960, 39.6705, 89.9409, 0
1745406915.707, 2.308, 2.499, -0.9693, -1.1430, -3.5962, 0.4555, 39.6778, 89.9080, 0
1745406915.786, 2.308, 2.502, -0.9695, -1.1434, -3.5966, 0.4469, 39.6831, 89.9078, 0
1745406915.866, 2.310, 2.499, -0.9695, -1.1433, -3.5965, 0.4447, 39.6817, 89.9104, 0
1745406915.945, 2.310, 2.502, -0.9694, -1.1432, -3.5964, 0.4271, 39.6828, 89.9230, 0
1745406916.025, 2.309, 2.501, -0.9695, -1.1433, -3.5966, 0.4312, 39.6857, 89.9200, 0
1745406916.105, 2.308, 2.501, -0.9695, -1.1434, -3.5965, 0.3987, 39.6863, 89.9361, 0
1745406916.184, 2.308, 2.503, -0.9694, -1.1430, -3.5962, 0.4006, 39.6826, 89.9311, 0
1745406916.264, 2.309, 2.499, -0.9693, -1.1430, -3.5963, 0.4176, 39.6761, 89.9181, 0
1745406916.344, 2.309, 2.502, -0.9696, -1.1433, -3.5966, 0.4229, 39.6739, 89.9209, 0
1745406916.423, 2.309, 2.497, -0.9694, -1.1431, -3.5962, 0.3776, 39.6865, 89.9611, 0
1745406916.503, 2.310, 2.497, -0.9694, -1.1429, -3.5962, 0.3981, 39.6848, 89.9417, 0
1745406916.582, 2.310, 2.503, -0.9694, -1.1431, -3.5963, 0.3919, 39.6805, 89.9469, 0
1745406916.662, 2.310, 2.498, -0.9695, -1.1430, -3.5962, 0.3592, 39.6783, 89.9787, 0
1745406916.742, 2.309, 2.502, -0.9697, -1.1433, -3.5964, 0.3606, 39.6771, 89.9709, 0
1745406916.821, 2.309, 2.502, -0.9694, -1.1429, -3.5962, 0.3990, 39.6728, 89.9494, 0
1745406916.901, 2.310, 2.502, -0.9696, -1.1433, -3.5964, 0.3880, 39.6727, 89.9580, 0
1745406916.981, 2.310, 2.496, -0.9694, -1.1430, -3.5963, 0.3860, 39.6722, 89.9522, 0
1745406917.060, 2.310, 2.498, -0.9695, -1.1429, -3.5961, 0.3922, 39.6672, 89.9419, 0
1745406917.140, 2.310, 2.502, -0.9696, -1.1432, -3.5964, 0.3634, 39.6710, 89.9584, 0
1745406917.220, 2.310, 2.498, -0.9696, -1.1431, -3.5963, 0.3465, 39.6617, 89.9543, 0
1745406917.299, 2.310, 2.498, -0.9696, -1.1429, -3.5960, 0.3803, 39.6631, 89.9382, 0
1745406917.379, 2.310, 2.498, -0.9694, -1.1430, -3.5962, 0.3964, 39.6665, 89.9215, 0
1745406917.459, 2.310, 2.503, -0.9694, -1.1430, -3.5962, 0.4441, 39.6753, 89.8910, 0
1745406917.538, 2.309, 2.504, -0.9695, -1.1431, -3.5963, 0.4070, 39.6756, 89.9212, 0
1745406917.618, 2.309, 2.505, -0.9696, -1.1432, -3.5963, 0.3795, 39.6781, 89.9396, 0
1745406917.698, 2.309, 2.505, -0.9695, -1.1429, -3.5961, 0.4011, 39.6791, 89.9323, 0
1745406917.777, 2.309, 2.503, -0.9697, -1.1432, -3.5964, 0.3795, 39.6758, 89.9430, 0
1745406917.857, 2.310, 2.505, -0.9699, -1.1436, -3.5964, 0.3502, 39.6768, 89.9848, 0
1745406917.936, 2.308, 2.504, -0.9696, -1.1429, -3.5960, 0.3276, 39.6767, 89.9992, 0
1745406918.016, 2.310, 2.499, -0.9697, -1.1428, -3.5960, 0.3098, 39.6661, 89.9953, 0
1745406918.096, 2.310, 2.499, -0.9696, -1.1427, -3.5961, 0.3725, 39.6701, 89.9435, 0
1745406918.176, 2.308, 2.499, -0.9696, -1.1429, -3.5961, 0.3724, 39.6661, 89.9357, 0
1745406918.255, 2.309, 2.502, -0.9698, -1.1431, -3.5961, 0.3638, 39.6683, 89.9465, 0
1745406918.335, 2.310, 2.498, -0.9696, -1.1428, -3.5961, 0.3655, 39.6591, 89.9426, 0
1745406918.415, 2.310, 2.498, -0.9698, -1.1431, -3.5961, 0.3810, 39.6645, 89.9461, 0
1745406918.494, 2.310, 2.498, -0.9696, -1.1428, -3.5959, 0.3624, 39.6656, 89.9620, 0
1745406918.574, 2.308, 2.503, -0.9697, -1.1428, -3.5961, 0.4248, 39.6720, 89.9100, 0
1745406918.653, 2.309, 2.498, -0.9696, -1.1429, -3.5961, 0.4188, 39.6698, 89.9100, 0
1745406918.733, 2.309, 2.502, -0.9697, -1.1429, -3.5961, 0.3836, 39.6696, 89.9273, 0
1745406918.813, 2.310, 2.502, -0.9696, -1.1428, -3.5961, 0.3938, 39.6671, 89.9166, 0
1745406918.892, 2.310, 2.502, -0.9699, -1.1431, -3.5961, 0.3274, 39.6705, 89.9580, 0
1745406918.972, 2.309, 2.502, -0.9697, -1.1428, -3.5962, 0.3154, 39.6656, 89.9579, 0
1745406919.052, 2.310, 2.503, -0.9696, -1.1428, -3.5960, 0.3448, 39.6615, 89.9469, 0
1745406919.131, 2.309, 2.498, -0.9701, -1.1431, -3.5960, 0.2932, 39.6647, 89.9786, 0
1745406919.211, 2.309, 2.497, -0.9698, -1.1426, -3.5958, 0.2736, 39.6557, 89.9942, 0
1745406919.291, 2.309, 2.497, -0.9698, -1.1427, -3.5959, 0.2977, 39.6532, 89.9690, 0
1745406919.370, 2.310, 2.502, -0.9699, -1.1427, -3.5959, 0.3295, 39.6527, 89.9497, 0
1745406919.450, 2.308, 2.499, -0.9700, -1.1430, -3.5961, 0.3639, 39.6601, 89.9267, 0
1745406919.649, 2.309, 2.503, -0.9699, -1.1427, -3.5958, 0.3087, 39.6569, 89.9663, 0
1745406919.728, 2.309, 2.499, -0.9702, -1.1429, -3.5960, 0.2288, 39.6563, 90.0157, 0
1745406919.808, 2.308, 2.505, -0.9700, -1.1426, -3.5958, 0.2663, 39.6469, 89.9951, 0
1745406919.888, 2.308, 2.505, -0.9702, -1.1428, -3.5958, 0.3053, 39.6491, 89.9752, 0
1745406919.968, 2.308, 2.496, -0.9701, -1.1427, -3.5958, 0.3162, 39.6547, 89.9525, 0
1745406920.047, 2.309, 2.503, -0.9699, -1.1426, -3.5958, 0.3418, 39.6548, 89.9323, 0
1745406920.246, 2.309, 2.498, -0.9700, -1.1430, -3.5960, 0.3894, 39.6600, 89.9041, 0
1745406920.326, 2.308, 2.497, -0.9702, -1.1430, -3.5961, 0.3622, 39.6611, 89.9266, 0
1745406920.406, 2.310, 2.504, -0.9700, -1.1425, -3.5958, 0.3611, 39.6609, 89.9331, 0
1745406920.605, 2.308, 2.497, -0.9699, -1.1426, -3.5958, 0.4465, 39.6642, 89.8799, 0
1745406920.804, 2.309, 2.503, -0.9699, -1.1426, -3.5958, 0.3432, 39.6632, 89.9485, 0
1745406921.003, 2.309, 2.497, -0.9701, -1.1429, -3.5960, 0.3671, 39.6653, 89.9242, 0
1745406923.372, 2.310, 2.503, -0.9699, -1.1427, -3.5960, 0.3851, 39.6640, 89.9105, 0
1745406923.452, 2.310, 2.503, -0.9703, -1.1430, -3.5960, 0.3205, 39.6660, 89.9577, 0
1745406923.532, 2.308, 2.503, -0.9701, -1.1429, -3.5960, 0.2975, 39.6649, 89.9646, 0
1745406923.611, 2.308, 2.505, -0.9700, -1.1427, -3.5958, 0.2743, 39.6614, 89.9771, 0
1745406923.691, 2.308, 2.505, -0.9702, -1.1427, -3.5958, 0.2817, 39.6624, 89.9761, 0
1745406923.771, 2.308, 2.497, -0.9700, -1.1427, -3.5958, 0.2977, 39.6576, 89.9560, 0
